RANK DYNAMICS  4 pairs, gap 4, 12000 steps, muon, lr 0.0003, seed 0
R = M - 1(mean row)^T is EXACTLY 0 for a key-independent readout; its singular values
measure key-dependence and its rank (max rank 3).

   step      ce     acc    diag     sig1     sig2     sig3      |R|
-------------------------------------------------------------------
      1   4.419   0.016   0.245   0.0190   0.0109   0.0002   0.0220
    500   4.071   0.031   0.249   0.0035   0.0029   0.0011   0.0047
   1000   4.134   0.042   0.250   0.0027   0.0022   0.0011   0.0037
   1500   3.895   0.083   0.249   0.0033   0.0007   0.0002   0.0034
   2000   3.186   0.120   0.250   0.0030   0.0014   0.0011   0.0035
   2500   2.674   0.219   0.249   0.0044   0.0013   0.0001   0.0046
   3000   2.398   0.266   0.250   0.0031   0.0026   0.0010   0.0042
   3500   2.093   0.271   0.249   0.0040   0.0016   0.0012   0.0045
   4000   1.997   0.245   0.249   0.0022   0.0010   0.0004   0.0024
   4500   1.952   0.266   0.249   0.0028   0.0018   0.0009   0.0034
   5000   1.850   0.286   0.250   0.0019   0.0005   0.0003   0.0020
   5500   1.900   0.229   0.250   0.0021   0.0006   0.0003   0.0022
   6000   1.498   0.245   0.250   0.0022   0.0009   0.0001   0.0024
   6500   2.024   0.229   0.250   0.0024   0.0018   0.0001   0.0030
   7000   2.054   0.250   0.250   0.0021   0.0006   0.0002   0.0022
   7500   1.577   0.234   0.250   0.0028   0.0019   0.0002   0.0034
   8000   1.814   0.234   0.250   0.0010   0.0005   0.0001   0.0011
   8500   1.834   0.297   0.250   0.0011   0.0008   0.0004   0.0014
   9000   1.564   0.245   0.250   0.0017   0.0006   0.0001   0.0018
   9500   1.531   0.219   0.250   0.0015   0.0008   0.0001   0.0017
  10000   1.519   0.203   0.250   0.0009   0.0005   0.0002   0.0010
  10500   1.722   0.224   0.250   0.0007   0.0005   0.0000   0.0009
  11000   1.542   0.245   0.250   0.0008   0.0006   0.0001   0.0010
  11500   1.681   0.214   0.250   0.0013   0.0007   0.0003   0.0015
  12000   1.621   0.240   0.250   0.0006   0.0004   0.0000   0.0007

4173s
READ: sigma_1 flat at ~0 then jumping = the escape is a RANK INCREASE (saddle-to-saddle).
      sigma_i switching on in sequence = one saddle per rank, which is why more pairs
      cost far more than proportionally.
