RANK DYNAMICS  4 pairs, gap 4, 12000 steps, muon, lr 0.0003, seed 0
R = M - 1(mean row)^T is EXACTLY 0 for a key-independent readout; its singular values
measure key-dependence and its rank (max rank 3).

   step      ce     acc    diag     sig1     sig2     sig3      |R|
-------------------------------------------------------------------
      1   4.297   0.021   0.254   0.0258   0.0077   0.0063   0.0276
    500   4.091   0.052   0.250   0.0035   0.0025   0.0006   0.0043
   1000   3.682   0.078   0.251   0.0034   0.0011   0.0004   0.0036
   1500   3.260   0.141   0.250   0.0029   0.0016   0.0009   0.0035
   2000   2.828   0.240   0.251   0.0031   0.0018   0.0012   0.0037
   2500   2.573   0.240   0.250   0.0033   0.0027   0.0001   0.0043
   3000   2.184   0.234   0.250   0.0023   0.0015   0.0004   0.0027
   3500   1.937   0.281   0.249   0.0025   0.0018   0.0006   0.0032
   4000   1.781   0.260   0.250   0.0036   0.0022   0.0013   0.0044
   4500   1.926   0.229   0.250   0.0030   0.0018   0.0012   0.0037
   5000   1.763   0.250   0.251   0.0030   0.0005   0.0001   0.0031
   5500   1.888   0.250   0.251   0.0018   0.0013   0.0003   0.0022
   6000   1.642   0.240   0.250   0.0027   0.0018   0.0006   0.0033
   6500   2.095   0.292   0.250   0.0022   0.0007   0.0001   0.0023
   7000   1.813   0.245   0.250   0.0015   0.0012   0.0001   0.0019
   7500   1.568   0.250   0.251   0.0016   0.0012   0.0000   0.0020
   8000   1.757   0.271   0.250   0.0024   0.0016   0.0005   0.0029
   8500   1.845   0.224   0.250   0.0020   0.0008   0.0000   0.0022
   9000   1.625   0.266   0.250   0.0031   0.0013   0.0002   0.0034
   9500   1.582   0.286   0.250   0.0028   0.0009   0.0007   0.0030
  10000   1.538   0.224   0.250   0.0020   0.0014   0.0002   0.0024
  10500   1.534   0.203   0.250   0.0022   0.0014   0.0002   0.0026
  11000   1.612   0.250   0.250   0.0015   0.0010   0.0007   0.0020
  11500   1.516   0.182   0.250   0.0025   0.0011   0.0003   0.0027
  12000   1.716   0.260   0.249   0.0029   0.0004   0.0001   0.0029

3013s
READ: sigma_1 flat at ~0 then jumping = the escape is a RANK INCREASE (saddle-to-saddle).
      sigma_i switching on in sequence = one saddle per rank, which is why more pairs
      cost far more than proportionally.
