RANK DYNAMICS  3 pairs, gap 4, 15000 steps, muon, lr 0.0003, seed 0
R = M - 1(mean row)^T is EXACTLY 0 for a key-independent readout; its singular values
measure key-dependence and its rank (max rank 2).

   step      ce     acc    diag     sig1     sig2      |R|
----------------------------------------------------------
      1   4.136   0.016   0.335   0.0164   0.0080   0.0183
    500   3.906   0.042   0.335   0.0074   0.0012   0.0075
   1000   2.892   0.240   0.334   0.0044   0.0022   0.0049
   1500   2.271   0.292   0.335   0.0062   0.0032   0.0070
   2000   2.058   0.333   0.334   0.0052   0.0025   0.0058
   2500   1.661   0.365   0.334   0.0029   0.0008   0.0030
   3000   2.117   0.359   0.333   0.0030   0.0002   0.0030
   3500   1.955   0.260   0.332   0.0061   0.0020   0.0064
   4000   1.608   0.365   0.333   0.0033   0.0001   0.0033
   4500   1.864   0.349   0.334   0.0029   0.0003   0.0029
   5000   1.710   0.333   0.333   0.0030   0.0005   0.0031
   5500   1.204   0.286   0.333   0.0027   0.0004   0.0027
   6000   1.806   0.302   0.333   0.0030   0.0008   0.0031
   6500   1.404   0.333   0.333   0.0044   0.0008   0.0044
   7000   1.586   0.323   0.333   0.0037   0.0013   0.0039
   7500   1.448   0.333   0.333   0.0023   0.0014   0.0027
   8000   1.630   0.354   0.332   0.0032   0.0003   0.0032
   8500   1.187   0.323   0.333   0.0021   0.0008   0.0022
   9000   1.413   0.323   0.334   0.0015   0.0012   0.0019
   9500   1.355   0.323   0.334   0.0014   0.0003   0.0014
  10000   1.305   0.323   0.334   0.0027   0.0003   0.0027
  10500   1.383   0.354   0.334   0.0018   0.0004   0.0018
  11000   1.329   0.375   0.333   0.0020   0.0006   0.0020
  11500   1.326   0.281   0.333   0.0016   0.0010   0.0019
  12000   1.411   0.333   0.333   0.0024   0.0010   0.0026
  12500   1.314   0.344   0.334   0.0019   0.0006   0.0020
  13000   1.289   0.370   0.333   0.0013   0.0004   0.0013
  13500   1.405   0.396   0.333   0.0022   0.0009   0.0024
  14000   1.347   0.297   0.333   0.0013   0.0008   0.0015
  14500   1.264   0.339   0.333   0.0010   0.0007   0.0013
  15000   1.414   0.359   0.334   0.0011   0.0007   0.0013

1507s
READ: sigma_1 flat at ~0 then jumping = the escape is a RANK INCREASE (saddle-to-saddle).
      sigma_i switching on in sequence = one saddle per rank, which is why more pairs
      cost far more than proportionally.
