RANK DYNAMICS  4 pairs, gap 4, 15000 steps, muon, lr 0.0003, seed 0
R = M - 1(mean row)^T is EXACTLY 0 for a key-independent readout; its singular values
measure key-dependence and its rank (max rank 3).

   step      ce     acc    diag     sig1     sig2     sig3      |R|
-------------------------------------------------------------------
      1   4.380   0.031   0.234   0.0410   0.0297   0.0101   0.0516
    500   4.157   0.021   0.250   0.0030   0.0017   0.0009   0.0036
   1000   4.152   0.016   0.250   0.0031   0.0008   0.0003   0.0032
   1500   4.190   0.016   0.251   0.0044   0.0005   0.0001   0.0045
   2000   4.235   0.026   0.250   0.0026   0.0012   0.0005   0.0029
   2500   4.187   0.031   0.250   0.0025   0.0014   0.0007   0.0030
   3000   3.946   0.021   0.249   0.0033   0.0021   0.0009   0.0040
   3500   3.971   0.026   0.251   0.0032   0.0015   0.0009   0.0036
   4000   3.462   0.099   0.250   0.0026   0.0011   0.0004   0.0028
   4500   3.224   0.078   0.250   0.0033   0.0023   0.0004   0.0041
   5000   2.753   0.146   0.250   0.0034   0.0009   0.0005   0.0035
   5500   2.679   0.167   0.250   0.0028   0.0010   0.0002   0.0030
   6000   2.335   0.255   0.250   0.0015   0.0011   0.0003   0.0019
   6500   2.462   0.214   0.250   0.0028   0.0016   0.0003   0.0032
   7000   2.507   0.234   0.250   0.0015   0.0008   0.0001   0.0017
   7500   2.014   0.219   0.250   0.0038   0.0022   0.0005   0.0045
   8000   1.927   0.229   0.250   0.0033   0.0011   0.0006   0.0035
   8500   1.926   0.266   0.250   0.0026   0.0008   0.0003   0.0028
   9000   1.646   0.260   0.250   0.0026   0.0014   0.0002   0.0030
   9500   2.032   0.255   0.250   0.0024   0.0014   0.0003   0.0028
  10000   2.037   0.266   0.249   0.0016   0.0007   0.0003   0.0018
  10500   1.780   0.255   0.250   0.0024   0.0016   0.0003   0.0029
  11000   1.827   0.250   0.249   0.0025   0.0008   0.0004   0.0027
  11500   1.609   0.219   0.250   0.0021   0.0010   0.0007   0.0024
  12000   1.630   0.182   0.250   0.0016   0.0004   0.0002   0.0016
  12500   1.792   0.234   0.249   0.0023   0.0018   0.0011   0.0031
  13000   1.879   0.260   0.249   0.0019   0.0008   0.0001   0.0021
  13500   1.897   0.240   0.249   0.0019   0.0006   0.0001   0.0020
  14000   1.837   0.250   0.250   0.0018   0.0005   0.0002   0.0019
  14500   1.632   0.208   0.250   0.0014   0.0006   0.0001   0.0016
  15000   1.725   0.208   0.249   0.0013   0.0010   0.0005   0.0017

2552s
READ: sigma_1 flat at ~0 then jumping = the escape is a RANK INCREASE (saddle-to-saddle).
      sigma_i switching on in sequence = one saddle per rank, which is why more pairs
      cost far more than proportionally.
