RANK DYNAMICS  4 pairs, gap 4, 15000 steps, muon, lr 0.0003, seed 0
R = M - 1(mean row)^T is EXACTLY 0 for a key-independent readout; its singular values
measure key-dependence and its rank (max rank 3).

   step      ce     acc    diag     sig1     sig2     sig3      |R|
-------------------------------------------------------------------
      1   4.506   0.026   0.252   0.0199   0.0115   0.0012   0.0230
    500   4.154   0.036   0.250   0.0033   0.0023   0.0009   0.0042
   1000   3.737   0.089   0.251   0.0045   0.0018   0.0005   0.0048
   1500   3.027   0.177   0.251   0.0048   0.0038   0.0011   0.0062
   2000   3.129   0.161   0.250   0.0032   0.0025   0.0010   0.0042
   2500   2.604   0.182   0.250   0.0041   0.0026   0.0011   0.0049
   3000   2.275   0.255   0.251   0.0047   0.0027   0.0008   0.0055
   3500   2.143   0.240   0.250   0.0029   0.0023   0.0001   0.0037
   4000   1.973   0.240   0.250   0.0044   0.0017   0.0014   0.0050
   4500   2.258   0.193   0.250   0.0060   0.0021   0.0002   0.0063
   5000   1.766   0.276   0.252   0.0048   0.0028   0.0018   0.0058
   5500   2.205   0.234   0.251   0.0035   0.0016   0.0009   0.0040
   6000   1.756   0.224   0.250   0.0035   0.0016   0.0005   0.0039
   6500   1.970   0.276   0.251   0.0029   0.0013   0.0010   0.0033
   7000   2.186   0.208   0.251   0.0029   0.0012   0.0003   0.0032
   7500   1.607   0.302   0.250   0.0029   0.0012   0.0004   0.0032
   8000   1.756   0.182   0.250   0.0022   0.0013   0.0005   0.0026
   8500   2.022   0.276   0.250   0.0035   0.0016   0.0001   0.0038
   9000   1.656   0.214   0.251   0.0038   0.0026   0.0003   0.0046
   9500   1.724   0.240   0.251   0.0024   0.0012   0.0003   0.0027
  10000   1.763   0.234   0.250   0.0023   0.0019   0.0007   0.0030
  10500   1.729   0.224   0.250   0.0028   0.0010   0.0003   0.0030
  11000   1.675   0.224   0.250   0.0029   0.0013   0.0002   0.0031
  11500   1.470   0.203   0.249   0.0020   0.0013   0.0002   0.0024
  12000   1.764   0.240   0.250   0.0031   0.0015   0.0000   0.0034
  12500   1.560   0.234   0.250   0.0020   0.0010   0.0001   0.0023
  13000   1.593   0.276   0.251   0.0032   0.0013   0.0010   0.0037
  13500   1.706   0.182   0.250   0.0020   0.0010   0.0004   0.0022
  14000   1.561   0.214   0.250   0.0016   0.0013   0.0002   0.0020
  14500   1.473   0.260   0.251   0.0025   0.0014   0.0003   0.0029
  15000   1.680   0.203   0.251   0.0029   0.0015   0.0005   0.0033

2273s
READ: sigma_1 flat at ~0 then jumping = the escape is a RANK INCREASE (saddle-to-saddle).
      sigma_i switching on in sequence = one saddle per rank, which is why more pairs
      cost far more than proportionally.
